187 109 35 252 175
132 54 10 151 119
155 123 18 201 146
100 59 25 137 88
164 91 60 238 135
====================
37 41 18 40 79
42 25 24 56 88
114 162 75 132 216
124 160 50 132 226
57 90 77 84 155
====================
46 49 93 73 87
171 88 214 138 180
171 167 248 190 181
146 147 214 108 181
191 101 198 114 116
====================
48 76 92 87 117
114 92 212 176 204
44 68 103 86 93
94 74 139 157 227
132 121 221 222 297
====================
228 66 184 192 125
177 12 148 107 89
264 66 257 192 139
273 66 218 182 136
157 18 171 107 92
====================
106 147 100 87 53
129 163 135 86 108
130 165 114 97 82
89 125 66 120 90
249 284 150 229 183
====================
252 197 115 144 231
189 150 113 93 167
170 166 111 60 131
337 244 198 219 296
192 200 168 116 157
====================
151 174 225 165 226
204 230 252 194 166
188 192 214 179 207
170 204 232 182 180
90 162 205 167 181
====================
90 128 104 75 158
78 125 89 105 181
106 175 163 134 265
47 94 67 63 112
47 94 55 87 96
====================
95 115 71 58 76
166 206 151 95 139
177 233 139 100 156
75 154 80 56 66
178 245 145 89 161
====================
75 89 135 64 141
82 91 166 75 129
141 141 233 70 166
99 94 179 53 102
108 127 212 80 147
====================
101 179 141 193 205
59 146 60 109 124
45 217 107 136 196
76 136 72 109 151
41 72 44 68 89
====================
63 113 134 122 147
89 184 141 167 118
45 146 109 127 83
102 124 121 125 130
45 95 78 102 105
====================
32 146 131 103 182
17 49 60 39 49
45 42 98 41 50
61 152 183 110 184
80 170 232 122 154
====================
144 72 150 85 125
92 26 82 56 42
163 111 168 66 141
184 173 217 113 152
208 117 205 111 120
====================
207 147 309 341 213
73 141 184 207 116
154 99 241 232 162
171 102 231 233 147
148 90 238 198 125
====================
132 106 120 64 80
145 108 145 77 86
84 52 84 57 31
108 120 125 89 98
91 78 84 82 40
====================
109 88 91 64 81
119 112 89 124 100
92 137 86 93 92
47 92 89 46 94
171 160 125 92 119
====================
68 25 59 48 26
81 21 80 104 120
124 38 126 141 134
78 28 68 96 88
119 73 135 157 162
====================
105 108 80 66 90
152 120 59 104 110
88 135 119 77 105
51 50 44 13 44
197 202 150 133 166
====================
193 125 177 148 133
71 94 85 81 40
106 90 134 141 54
88 61 79 56 33
155 145 172 163 118
====================
60 108 166 64 64
14 35 57 22 13
98 113 200 64 55
18 102 119 38 80
50 156 219 64 82
====================
37 93 90 131 87
76 204 106 205 198
86 150 194 188 198
18 46 38 58 46
60 154 92 168 140
====================
114 115 42 89 111
122 89 36 134 98
177 133 38 174 144
173 166 87 215 172
189 170 46 181 103
====================
71 60 164 144 123
193 139 192 259 182
180 143 161 263 164
108 88 120 182 115
164 132 149 248 148
====================
87 97 54 93 123
164 127 156 198 279
119 82 110 113 196
93 31 142 151 195
110 73 120 111 166
====================
53 30 113 33 98
171 153 176 105 114
207 154 207 92 143
156 177 165 105 86
236 188 227 136 159
====================
280 189 109 252 226
203 72 104 149 183
227 101 67 85 179
312 149 127 188 246
222 151 88 186 200
====================
